22109 05 09 24 29 35 05 12
22110 02 13 16 18 23 03 06
22111 06 12 16 19 31 06 10
22112 04 11 18 20 26 06 12
22113 13 15 22 31 33 05 12
22114 11 21 24 27 28 05 10
22115 17 19 20 23 27 03 08
22116 01 07 20 22 31 07 12
22117 09 12 15 21 32 02 07
22118 02 05 15 17 26 02 08
22119 01 09 16 25 29 04 09
22120 11 22 26 30 33 03 05
22121 04 15 16 20 21 04 05
22122 04 15 17 19 25 06 12
22123 02 20 28 29 30 07 10
22124 02 04 11 25 30 06 12
22125 03 07 14 16 19 01 11
22126 04 05 08 22 35 01 03
22127 02 03 08 09 20 04 10
22128 10 19 21 23 35 04 10
22129 10 17 23 34 35 01 04
22130 05 07 15 18 23 05 10
22131 02 06 08 10 17 05 06
22132 02 27 30 34 35 09 12
22133 01 02 14 30 31 06 09
22134 03 16 23 27 32 03 06
22135 09 10 27 31 32 01 03
22136 01 11 15 17 33 03 11
22137 05 06 08 15 20 07 08
22138 05 13 16 27 33 07 12
